0 101.0
1 93.0
2 97.0
3 99.0
4 82.0
5 86.0
6 90.0
7 90.0
8 98.0
9 84.0
10 85.0
11 91.0
12 91.0
13 100.0
14 92.0
15 118.0
16 94.0
17 115.0
18 95.0
19 97.0
20 144.0
21 112.0
22 108.0
23 129.0
24 126.0
25 87.0
26 97.0
27 105.0
28 124.0
29 137.0
30 143.0
31 119.0
32 121.0
33 147.0
34 134.0
35 113.0
36 131.0
37 108.0
38 126.0
39 137.0
40 106.0
41 135.0
42 115.0
43 111.0
44 172.0
45 112.0
46 146.0
47 220.0
48 219.0
49 149.0
50 194.0
51 353.0
52 282.0
53 279.0
54 91.0
55 208.0
56 114.0
57 190.0
58 149.0
59 117.0
60 258.0
61 152.0
62 314.0
63 309.0
64 141.0
65 345.0
66 330.0
67 258.0
68 158.0
69 165.0
70 163.0
71 162.0
72 174.0
73 104.0
74 100.0
75 169.0
76 217.0
77 84.0
78 237.0
79 227.0
80 230.0
81 262.0
82 358.0
83 354.0
84 241.0
85 324.0
86 90.0
87 396.0
88 131.0
89 108.0
90 102.0
91 390.0
92 433.0
93 245.0
94 192.0
95 139.0
96 393.0
97 330.0
98 116.0
99 418.0
100 445.0
101 119.0
102 90.0
103 168.0
104 423.0
105 126.0
106 223.0
107 511.0
108 458.0
109 550.0
110 386.0
111 446.0
112 429.0
113 380.0
114 136.0
115 440.0
116 444.0
117 170.0
118 325.0
119 426.0
120 452.0
121 220.0
122 136.0
123 389.0
124 225.0
125 363.0
126 402.0
127 390.0
128 474.0
129 120.0
130 394.0
131 202.0
132 411.0
133 164.0
134 100.0
135 134.0
136 540.0
137 209.0
138 210.0
139 223.0
140 175.0
141 401.0
142 567.0
143 495.0
144 156.0
145 144.0
146 498.0
147 566.0
148 186.0
149 91.0
150 538.0
151 260.0
152 188.0
153 473.0
154 151.0
155 150.0
156 221.0
157 186.0
158 187.0
159 217.0
160 521.0
161 593.0
162 176.0
163 566.0
164 184.0
165 874.0
166 633.0
167 196.0
168 587.0
169 558.0
170 569.0
171 192.0
172 676.0
173 319.0
174 254.0
175 121.0
176 233.0
177 671.0
178 248.0
179 137.0
180 512.0
181 259.0
182 574.0
183 737.0
184 279.0
185 703.0
186 292.0
187 728.0
188 742.0
189 641.0
190 742.0
191 789.0
192 896.0
193 797.0
194 333.0
195 794.0
196 613.0
197 776.0
198 255.0
199 350.0
200 747.0
201 332.0
202 288.0
203 676.0
204 815.0
205 879.0
206 816.0
207 826.0
208 818.0
209 360.0
210 923.0
211 477.0
212 934.0
213 1012.0
214 971.0
215 391.0
216 776.0
217 507.0
218 380.0
219 988.0
220 954.0
221 1178.0
222 1036.0
223 965.0
224 914.0
225 384.0
226 627.0
227 398.0
228 240.0
229 607.0
230 937.0
231 402.0
232 996.0
233 461.0
234 429.0
235 936.0
236 337.0
237 375.0
238 814.0
239 889.0
240 308.0
241 1905.0
242 971.0
243 542.0
244 2049.0
245 1557.0
246 1507.0
247 1573.0
248 1195.0
249 1442.0
250 899.0
251 1553.0
252 590.0
253 607.0
254 1168.0
255 1172.0
256 1435.0
257 912.0
258 794.0
259 1531.0
260 1441.0
261 1265.0
262 615.0
263 1162.0
264 519.0
265 1198.0
266 1143.0
267 1086.0
268 408.0
269 1420.0
270 812.0
271 1568.0
272 435.0
273 626.0
274 1122.0
275 664.0
276 1047.0
277 601.0
278 1163.0
279 701.0
280 746.0
281 1280.0
282 749.0
283 755.0
284 1359.0
285 1146.0
286 1180.0
287 1305.0
288 965.0
289 1012.0
290 638.0
291 635.0
292 1096.0
293 1104.0
294 1150.0
295 623.0
296 1202.0
297 1301.0
298 1128.0
299 1355.0
300 846.0
301 834.0
302 862.0
303 1417.0
304 1046.0
305 1326.0
306 1357.0
307 1289.0
308 1293.0
309 890.0
310 1455.0
311 723.0
312 1252.0
313 2105.0
314 1848.0
315 2076.0
316 1844.0
317 2138.0
318 2428.0
319 1729.0
320 1055.0
321 1653.0
322 2080.0
323 2020.0
